-1      -1      -1      -1      -1      -1      -1      -1      -1      -1      -1      -1      -1      -1     S2       -1      -1      -1      -1      -1      1       0       0       0       0    0       0       0       0       
acc     -1      -1      -1      -1      -1      -1      -1      -1      -1      -1      -1      -1      -1     -1       -1      -1      -1      -1      -1      0       0       0       0       0    0       0       0       0
-1      -1      -1      -1      -1      -1      -1      -1      -1      -1      -1      -1      -1      -1     -1       -1      -1      -1      S3      -1      0       0       0       0       0    0       0       0       0
-1      -1      -1      -1      -1      -1      -1      -1      -1      -1      -1      -1      -1      -1     S8       S7      -1      -1      -1      -1      6       4       0       0       0    0       0       5       0
-1      -1      -1      -1      -1      -1      -1      -1      -1      -1      -1      -1      -1      -1     -1       -1      -1      -1      -1      S9      0       0       0       0       0    0       0       0       0
-1      -1      -1      -1      -1      -1      -1      S10     -1      -1      -1      -1      -1      -1     -1       -1      -1      -1      -1      -1      0       0       0       0       0   0       0       0       0
-1      -1      -1      -1      -1      -1      -1      -1      -1      -1      -1      -1      -1      -1     -1       -1      -1      -1      -1      r5      0       0       0       0       0       0       0       0       0
-1      -1      -1      -1      -1      -1      -1      -1      -1      -1      S11     -1      -1      -1     -1       -1      -1      -1      -1      -1      0       0       0       0       0       0       0       0       0
-1      -1      -1      -1      -1      -1      -1      -1      -1      -1      -1      -1      -1      -1     -1       -1      -1      -1      S12     -1      0       0       0       0       0       0       0       0       0
-1      -1      -1      -1      -1      -1      -1      -1      -1      -1      -1      -1      -1      -1     -1       -1      -1      S13     -1      -1      0       0       0       0       0       0       0       0       0
-1      -1      -1      -1      -1      -1      -1      -1      -1      -1      -1      -1      -1      -1     S8       S7      -1      -1      -1      r4      6       14      0       0       0       0       0       5       0
-1      S21     -1      -1      -1      S16     -1      -1      -1      -1      -1      -1      -1      -1     -1       S19     S20     -1      -1      -1      0       0       0       15      17      18      0       0       0
-1      -1      -1      -1      -1      -1      -1      -1      -1      -1      -1      -1      -1      -1     S8       S7      -1      -1      -1      -1      6       22      0       0       0       0       0       5       0
-1      S23     -1      -1      -1      -1      -1      -1      -1      -1      -1      -1      -1      -1     -1       -1      -1      -1      -1      -1      0       0       0       0       0       0       0       0       0
-1      -1      -1      -1      -1      -1      -1      -1      -1      -1      -1      -1      -1      -1     -1       -1      -1      -1      -1      r3      0       0       0       0       0       0       0       0       0
-1      -1      -1      -1      S24     S25     -1      r6      -1      -1      -1      -1      -1      -1     -1       -1      -1      -1      -1      -1      0       0       0       0       0       0       0       0       0
-1      S31     -1      -1      -1      S16     -1      -1      -1      -1      -1      -1      -1      -1     -1       S29     S30     -1      -1      -1      0       0       0       26      27      28      0       0       0
-1      -1      -1      S32     r8      r8      S33     r8      -1      -1      -1      -1      -1      -1     -1       -1      -1      -1      -1      -1      0       0       0       0       0       0       0       0       0
-1      -1      -1      r11     r11     r11     r11     r11     -1      -1      -1      -1      -1      -1     -1       -1      -1      -1      -1      -1      0       0       0       0       0       0       0       0       0
-1      -1      -1      r14     r14     r14     r14     r14     -1      -1      -1      -1      -1      -1     -1       -1      -1      -1      -1      -1      0       0       0       0       0       0       0       0       0
-1      -1      -1      r15     r15     r15     r15     r15     -1      -1      -1      -1      -1      -1     -1       -1      -1      -1      -1      -1      0       0       0       0       0       0       0       0       0
-1      S40     -1      -1      -1      S35     -1      -1      -1      -1      -1      -1      -1      -1     -1       S38     S39     -1      -1      -1      0       0       0       34      36      37      0       0       0
-1      -1      -1      -1      -1      -1      -1      -1      -1      -1      -1      -1      -1      -1     -1       -1      -1      -1      -1      S41     0       0       0       0       0       0       0       0       0
-1      S49     -1      -1      -1      S44     -1      -1      -1      -1      -1      -1      -1      -1     -1       S47     S48     -1      -1      -1      0       0       42      43      45      46      0       0       0
-1      S31     -1      -1      -1      -1      -1      -1      -1      -1      -1      -1      -1      -1     -1       S29     S30     -1      -1      -1      0       0       0       0       50      28      0       0       0
-1      S31     -1      -1      -1      -1      -1      -1      -1      -1      -1      -1      -1      -1     -1       S29     S30     -1      -1      -1      0       0       0       0       51      28      0       0       0
-1      -1      -1      -1      r7      r7      -1      r7      -1      -1      -1      -1      -1      -1     -1       -1      -1      -1      -1      -1      0       0       0       0       0       0       0       0       0
-1      -1      -1      S52     r8      r8      S53     r8      -1      -1      -1      -1      -1      -1     -1       -1      -1      -1      -1      -1      0       0       0       0       0       0       0       0       0
-1      -1      -1      r11     r11     r11     r11     r11     -1      -1      -1      -1      -1      -1     -1       -1      -1      -1      -1      -1      0       0       0       0       0       0       0       0       0
-1      -1      -1      r14     r14     r14     r14     r14     -1      -1      -1      -1      -1      -1     -1       -1      -1      -1      -1      -1      0       0       0       0       0       0       0       0       0
-1      -1      -1      r15     r15     r15     r15     r15     -1      -1      -1      -1      -1      -1     -1       -1      -1      -1      -1      -1      0       0       0       0       0       0       0       0       0
-1      S40     -1      -1      -1      S35     -1      -1      -1      -1      -1      -1      -1      -1     -1       S38     S39     -1      -1      -1      0       0       0       54      36      37      0       0       0
-1      S21     -1      -1      -1      -1      -1      -1      -1      -1      -1      -1      -1      -1     -1       S19     S20     -1      -1      -1      0       0       0       0       0       55      0       0       0
-1      S21     -1      -1      -1      -1      -1      -1      -1      -1      -1      -1      -1      -1     -1       S19     S20     -1      -1      -1      0       0       0       0       0       56      0       0       0
-1      -1      S57     -1      S58     S59     -1      -1      -1      -1      -1      -1      -1      -1     -1       -1      -1      -1      -1      -1      0       0       0       0       0       0       0       0       0
-1      S65     -1      -1      -1      S35     -1      -1      -1      -1      -1      -1      -1      -1     -1       S63     S64     -1      -1      -1      0       0       0       60      61      62      0       0       0
-1      -1      r8      S66     r8      r8      S67     -1      -1      -1      -1      -1      -1      -1     -1       -1      -1      -1      -1      -1      0       0       0       0       0       0       0       0       0
-1      -1      r11     r11     r11     r11     r11     -1      -1      -1      -1      -1      -1      -1     -1       -1      -1      -1      -1      -1      0       0       0       0       0       0       0       0       0
-1      -1      r14     r14     r14     r14     r14     -1      -1      -1      -1      -1      -1      -1     -1       -1      -1      -1      -1      -1      0       0       0       0       0       0       0       0       0
-1      -1      r15     r15     r15     r15     r15     -1      -1      -1      -1      -1      -1      -1     -1       -1      -1      -1      -1      -1      0       0       0       0       0       0       0       0       0
-1      S40     -1      -1      -1      S35     -1      -1      -1      -1      -1      -1      -1      -1     -1       S38     S39     -1      -1      -1      0       0       0       68      36      37      0       0       0
-1      -1      -1      -1      -1      -1      -1      -1      -1      -1      -1      -1      -1      -1     -1       -1      -1      S69     -1      -1      0       0       0       0       0       0       0       0       0
-1      -1      S70     -1      -1      -1      -1      -1      -1      -1      -1      -1      -1      -1     -1       -1      -1      -1      -1      -1      0       0       0       0       0       0       0       0       0
-1      -1      -1      -1      S77     S78     -1      -1      S73     S76     -1      S74     S72     S75    -1       -1      -1      -1      -1      -1      0       0       0       0       0       0       71      0       0
-1      S84     -1      -1      -1      S44     -1      -1      -1      -1      -1      -1      -1      -1     -1       S82     S83     -1      -1      -1      0       0       0       79      80      81      0       0       0
-1      -1      -1      S85     r8      r8      S86     -1      r8      r8      -1      r8      r8      r8     -1       -1      -1      -1      -1      -1      0       0       0       0       0       0       0       0       0
-1      -1      -1      r11     r11     r11     r11     -1      r11     r11     -1      r11     r11     r11    -1       -1      -1      -1      -1      -1      0       0       0       0       0       0       0       0       0
-1      -1      -1      r14     r14     r14     r14     -1      r14     r14     -1      r14     r14     r14    -1       -1      -1      -1      -1      -1      0       0       0       0       0       0       0       0       0
-1      -1      -1      r15     r15     r15     r15     -1      r15     r15     -1      r15     r15     r15    -1       -1      -1      -1      -1      -1      0       0       0       0       0       0       0       0       0
-1      S40     -1      -1      -1      S35     -1      -1      -1      -1      -1      -1      -1      -1     -1       S38     S39     -1      -1      -1      0       0       0       87      36      37      0       0       0
-1      -1      -1      S52     r9      r9      S53     r9      -1      -1      -1      -1      -1      -1     -1       -1      -1      -1      -1      -1      0       0       0       0       0       0       0       0       0
-1      -1      -1      S52     r10     r10     S53     r10     -1      -1      -1      -1      -1      -1     -1       -1      -1      -1      -1      -1      0       0       0       0       0       0       0       0       0
-1      S31     -1      -1      -1      -1      -1      -1      -1      -1      -1      -1      -1      -1     -1       S29     S30     -1      -1      -1      0       0       0       0       0       88      0       0       0
-1      S31     -1      -1      -1      -1      -1      -1      -1      -1      -1      -1      -1      -1     -1       S29     S30     -1      -1      -1      0       0       0       0       0       89      0       0       0
-1      -1      S90     -1      S58     S59     -1      -1      -1      -1      -1      -1      -1      -1     -1       -1      -1      -1      -1      -1      0       0       0       0       0       0       0       0       0
-1      -1      -1      r12     r12     r12     r12     r12     -1      -1      -1      -1      -1      -1     -1       -1      -1      -1      -1      -1      0       0       0       0       0       0       0       0       0
-1      -1      -1      r13     r13     r13     r13     r13     -1      -1      -1      -1      -1      -1     -1       -1      -1      -1      -1      -1      0       0       0       0       0       0       0       0       0
-1      -1      -1      r16     r16     r16     r16     r16     -1      -1      -1      -1      -1      -1     -1       -1      -1      -1      -1      -1      0       0       0       0       0       0       0       0       0
-1      S65     -1      -1      -1      -1      -1      -1      -1      -1      -1      -1      -1      -1     -1       S63     S64     -1      -1      -1      0       0       0       0       91      62      0       0       0
-1      S65     -1      -1      -1      -1      -1      -1      -1      -1      -1      -1      -1      -1     -1       S63     S64     -1      -1      -1      0       0       0       0       92      62      0       0       0
-1      -1      r7      -1      r7      r7      -1      -1      -1      -1      -1      -1      -1      -1     -1       -1      -1      -1      -1      -1      0       0       0       0       0       0       0       0       0
-1      -1      r8      S93     r8      r8      S94     -1      -1      -1      -1      -1      -1      -1     -1       -1      -1      -1      -1      -1      0       0       0       0       0       0       0       0       0
-1      -1      r11     r11     r11     r11     r11     -1      -1      -1      -1      -1      -1      -1     -1       -1      -1      -1      -1      -1      0       0       0       0       0       0       0       0       0
-1      -1      r14     r14     r14     r14     r14     -1      -1      -1      -1      -1      -1      -1     -1       -1      -1      -1      -1      -1      0       0       0       0       0       0       0       0       0
-1      -1      r15     r15     r15     r15     r15     -1      -1      -1      -1      -1      -1      -1     -1       -1      -1      -1      -1      -1      0       0       0       0       0       0       0       0       0
-1      S40     -1      -1      -1      S35     -1      -1      -1      -1      -1      -1      -1      -1     -1       S38     S39     -1      -1      -1      0       0       0       95      36      37      0       0       0
-1      S40     -1      -1      -1      -1      -1      -1      -1      -1      -1      -1      -1      -1     -1       S38     S39     -1      -1      -1      0       0       0       0       0       96      0       0       0
-1      S40     -1      -1      -1      -1      -1      -1      -1      -1      -1      -1      -1      -1     -1       S38     S39     -1      -1      -1      0       0       0       0       0       97      0       0       0
-1      -1      S98     -1      S58     S59     -1      -1      -1      -1      -1      -1      -1      -1     -1       -1      -1      -1      -1      -1      0       0       0       0       0       0       0       0       0
-1      S99     -1      -1      -1      -1      -1      -1      -1      -1      -1      -1      -1      -1     -1       -1      -1      -1      -1      -1      0       0       0       0       0       0       0       0       0
-1      -1      -1      -1      -1      -1      -1      S100    -1      -1      -1      -1      -1      -1     -1       -1      -1      -1      -1      -1      0       0       0       0       0       0       0       0       0
-1      S40     -1      -1      -1      S35     -1      -1      -1      -1      -1      -1      -1      -1     -1       S38     S39     -1      -1      -1      0       0       0       101     36      37      0       0       0
-1      r17     -1      -1      -1      r17     -1      -1      -1      -1      -1      -1      -1      -1     -1       r17     r17     -1      -1      -1      0       0       0       0       0       0       0       0       0
-1      r18     -1      -1      -1      r18     -1      -1      -1      -1      -1      -1      -1      -1     -1       r18     r18     -1      -1      -1      0       0       0       0       0       0       0       0       0
-1      r19     -1      -1      -1      r19     -1      -1      -1      -1      -1      -1      -1      -1     -1       r19     r19     -1      -1      -1      0       0       0       0       0       0       0       0       0
-1      r20     -1      -1      -1      r20     -1      -1      -1      -1      -1      -1      -1      -1     -1       r20     r20     -1      -1      -1      0       0       0       0       0       0       0       0       0
-1      r21     -1      -1      -1      r21     -1      -1      -1      -1      -1      -1      -1      -1     -1       r21     r21     -1      -1      -1      0       0       0       0       0       0       0       0       0
-1      S84     -1      -1      -1      -1      -1      -1      -1      -1      -1      -1      -1      -1     -1       S82     S83     -1      -1      -1      0       0       0       0       102     81      0       0       0
-1      S84     -1      -1      -1      -1      -1      -1      -1      -1      -1      -1      -1      -1     -1       S82     S83     -1      -1      -1      0       0       0       0       103     81      0       0       0
-1      -1      -1      -1      r7      r7      -1      -1      r7      r7      -1      r7      r7      r7     -1       -1      -1      -1      -1      -1      0       0       0       0       0       0       0       0       0
-1      -1      -1      S104    r8      r8      S105    -1      r8      r8      -1      r8      r8      r8     -1       -1      -1      -1      -1      -1      0       0       0       0       0       0       0       0       0
-1      -1      -1      r11     r11     r11     r11     -1      r11     r11     -1      r11     r11     r11    -1       -1      -1      -1      -1      -1      0       0       0       0       0       0       0       0       0
-1      -1      -1      r14     r14     r14     r14     -1      r14     r14     -1      r14     r14     r14    -1       -1      -1      -1      -1      -1      0       0       0       0       0       0       0       0       0
-1      -1      -1      r15     r15     r15     r15     -1      r15     r15     -1      r15     r15     r15    -1       -1      -1      -1      -1      -1      0       0       0       0       0       0       0       0       0
-1      S40     -1      -1      -1      S35     -1      -1      -1      -1      -1      -1      -1      -1     -1       S38     S39     -1      -1      -1      0       0       0       106     36      37      0       0       0
-1      S49     -1      -1      -1      -1      -1      -1      -1      -1      -1      -1      -1      -1     -1       S47     S48     -1      -1      -1      0       0       0       0       0       107     0       0       0
-1      S49     -1      -1      -1      -1      -1      -1      -1      -1      -1      -1      -1      -1     -1       S47     S48     -1      -1      -1      0       0       0       0       0       108     0       0       0
-1      -1      S109    -1      S58     S59     -1      -1      -1      -1      -1      -1      -1      -1     -1       -1      -1      -1      -1      -1      0       0       0       0       0       0       0       0       0
-1      -1      -1      r12     r12     r12     r12     r12     -1      -1      -1      -1      -1      -1     -1       -1      -1      -1      -1      -1      0       0       0       0       0       0       0       0       0
-1      -1      -1      r13     r13     r13     r13     r13     -1      -1      -1      -1      -1      -1     -1       -1      -1      -1      -1      -1      0       0       0       0       0       0       0       0       0
-1      -1      -1      r16     r16     r16     r16     r16     -1      -1      -1      -1      -1      -1     -1       -1      -1      -1      -1      -1      0       0       0       0       0       0       0       0       0
-1      -1      r9      S93     r9      r9      S94     -1      -1      -1      -1      -1      -1      -1     -1       -1      -1      -1      -1      -1      0       0       0       0       0       0       0       0       0
-1      -1      r10     S93     r10     r10     S94     -1      -1      -1      -1      -1      -1      -1     -1       -1      -1      -1      -1      -1      0       0       0       0       0       0       0       0       0
-1      S65     -1      -1      -1      -1      -1      -1      -1      -1      -1      -1      -1      -1     -1       S63     S64     -1      -1      -1      0       0       0       0       0       110     0       0       0
-1      S65     -1      -1      -1      -1      -1      -1      -1      -1      -1      -1      -1      -1     -1       S63     S64     -1      -1      -1      0       0       0       0       0       111     0       0       0
-1      -1      S112    -1      S58     S59     -1      -1      -1      -1      -1      -1      -1      -1     -1       -1      -1      -1      -1      -1      0       0       0       0       0       0       0       0       0
-1      -1      r12     r12     r12     r12     r12     -1      -1      -1      -1      -1      -1      -1     -1       -1      -1      -1      -1      -1      0       0       0       0       0       0       0       0       0
-1      -1      r13     r13     r13     r13     r13     -1      -1      -1      -1      -1      -1      -1     -1       -1      -1      -1      -1      -1      0       0       0       0       0       0       0       0       0
-1      -1      r16     r16     r16     r16     r16     -1      -1      -1      -1      -1      -1      -1     -1       -1      -1      -1      -1      -1      0       0       0       0       0       0       0       0       0
-1      S49     -1      -1      -1      S44     -1      -1      -1      -1      -1      -1      -1      -1     -1       S47     S48     -1      -1      -1      0       0       113     43      45      46      0       0       0
r1      -1      -1      -1      -1      -1      -1      -1      -1      -1      -1      -1      -1      -1     -1       -1      -1      -1      -1      -1      0       0       0       0       0       0       0       0       0
-1      -1      r2      -1      S58     S59     -1      -1      -1      -1      -1      -1      -1      -1     -1       -1      -1      -1      -1      -1      0       0       0       0       0       0       0       0       0
-1      -1      -1      S104    r9      r9      S105    -1      r9      r9      -1      r9      r9      r9     -1       -1      -1      -1      -1      -1      0       0       0       0       0       0       0       0       0
-1      -1      -1      S104    r10     r10     S105    -1      r10     r10     -1      r10     r10     r10    -1       -1      -1      -1      -1      -1      0       0       0       0       0       0       0       0       0
-1      S84     -1      -1      -1      -1      -1      -1      -1      -1      -1      -1      -1      -1     -1       S82     S83     -1      -1      -1      0       0       0       0       0       114     0       0       0
-1      S84     -1      -1      -1      -1      -1      -1      -1      -1      -1      -1      -1      -1     -1       S82     S83     -1      -1      -1      0       0       0       0       0       115     0       0       0
-1      -1      S116    -1      S58     S59     -1      -1      -1      -1      -1      -1      -1      -1     -1       -1      -1      -1      -1      -1      0       0       0       0       0       0       0       0       0
-1      -1      -1      r12     r12     r12     r12     -1      r12     r12     -1      r12     r12     r12    -1       -1      -1      -1      -1      -1      0       0       0       0       0       0       0       0       0
-1      -1      -1      r13     r13     r13     r13     -1      r13     r13     -1      r13     r13     r13    -1       -1      -1      -1      -1      -1      0       0       0       0       0       0       0       0       0
-1      -1      -1      r16     r16     r16     r16     -1      r16     r16     -1      r16     r16     r16    -1       -1      -1      -1      -1      -1      0       0       0       0       0       0       0       0       0
-1      -1      r12     r12     r12     r12     r12     -1      -1      -1      -1      -1      -1      -1     -1       -1      -1      -1      -1      -1      0       0       0       0       0       0       0       0       0
-1      -1      r13     r13     r13     r13     r13     -1      -1      -1      -1      -1      -1      -1     -1       -1      -1      -1      -1      -1      0       0       0       0       0       0       0       0       0
-1      -1      r16     r16     r16     r16     r16     -1      -1      -1      -1      -1      -1      -1     -1       -1      -1      -1      -1      -1      0       0       0       0       0       0       0       0       0
-1      -1      S117    -1      -1      -1      -1      -1      -1      -1      -1      -1      -1      -1     -1       -1      -1      -1      -1      -1      0       0       0       0       0       0       0       0       0
-1      -1      -1      r12     r12     r12     r12     -1      r12     r12     -1      r12     r12     r12    -1       -1      -1      -1      -1      -1      0       0       0       0       0       0       0       0       0
-1      -1      -1      r13     r13     r13     r13     -1      r13     r13     -1      r13     r13     r13    -1       -1      -1      -1      -1      -1      0       0       0       0       0       0       0       0       0
-1      -1      -1      r16     r16     r16     r16     -1      r16     r16     -1      r16     r16     r16    -1       -1      -1      -1      -1      -1      0       0       0       0       0       0       0       0       0
-1      -1      -1      -1      -1      -1      -1      S118    -1      -1      -1      -1      -1      -1     -1       -1      -1      -1      -1      -1      0       0       0       0       0       0       0       0       0
-1      -1      -1      -1      -1      -1      -1      -1      -1      -1      -1      -1      -1      -1     -1       -1      -1      -1      -1      r1      0       0       0       0       0       0       0       0       0

